number;id;nodes_x;nodes_y;weights
1;a6a068a075e6d37a96b3922d38cc56b0;[-0.9683701  -0.8308018  -0.59489375 -0.29961374  0.00854023  0.3013837
  0.5458635   0.68416846 -0.9723748  -0.8415684  -0.62841815 -0.35409948
 -0.06192851  0.20903854  0.4343869   0.55770975 -0.97468275 -0.85779226
 -0.66772324 -0.42295438 -0.16879085  0.07544865  0.2741999   0.39118558
 -0.97537625 -0.8736985  -0.70667017 -0.49396795 -0.272215   -0.05528384
  0.10242801  0.21318868 -0.9788474  -0.8906364  -0.7436648  -0.55529606
 -0.3630169  -0.18028349 -0.03287822  0.05746911 -0.9825551  -0.9013603
 -0.76621926 -0.60852724 -0.43076432 -0.27493528 -0.14222555 -0.06664731
 -0.98375523 -0.9119955  -0.7878801  -0.63543063 -0.4766366  -0.33162627
 -0.21949486 -0.15147887 -0.9849526  -0.91293395 -0.7950791  -0.64944476
 -0.48871785 -0.35231566 -0.24716373 -0.18644853];[-0.9594198  -0.95924324 -0.95742583 -0.9567587  -0.9582468  -0.95960146
 -0.9560095  -0.9566248  -0.7917871  -0.7910657  -0.79447174 -0.7922943
 -0.79184955 -0.7968787  -0.794455   -0.7938084  -0.5208698  -0.5207325
 -0.5240771  -0.52013487 -0.52188736 -0.5227177  -0.52591085 -0.522125
 -0.17958064 -0.17917489 -0.18162373 -0.18230054 -0.17973983 -0.17995737
 -0.18492658 -0.18001579  0.1840747   0.18320526  0.1845453   0.18577366
  0.18481578  0.18414862  0.18344976  0.18394156  0.5219342   0.5247604
  0.5257929   0.528606    0.5228363   0.5247068   0.5239176   0.5222078
  0.79287875  0.7989279   0.7958163   0.7952667   0.7937036   0.79239625
  0.7949039   0.795636    0.96513623  0.96387875  0.9651704   0.9651019
  0.96509445  0.96411043  0.9629518   0.9617953 ];[0.13153952 0.13153952 0.11377631 0.11377631 0.08065399 0.08065399
 0.03671395 0.03671395 0.13153952 0.13153952 0.11377631 0.11377631
 0.08065399 0.08065399 0.03671395 0.03671395 0.11377631 0.11377631
 0.09841186 0.09841186 0.06976241 0.06976241 0.03175606 0.03175606
 0.11377631 0.11377631 0.09841186 0.09841186 0.06976241 0.06976241
 0.03175606 0.03175606 0.08065399 0.08065399 0.06976241 0.06976241
 0.04945332 0.04945332 0.02251131 0.02251131 0.08065399 0.08065399
 0.06976241 0.06976241 0.04945332 0.04945332 0.02251131 0.02251131
 0.03671395 0.03671395 0.03175606 0.03175606 0.02251131 0.02251131
 0.01024722 0.01024722 0.03671395 0.03671395 0.03175606 0.03175606
 0.02251131 0.02251131 0.01024722 0.01024722]
2;d04baa82e0f807196c45450786d616ab;[ 0.7390305   0.7619435   0.8017484   0.84648174  0.8968475   0.93815476
  0.9739961   0.9949161   0.60854596  0.6425449   0.68936026  0.7608918
  0.8318497   0.9032492   0.962368    0.9933473   0.434131    0.48578605
  0.558819    0.65371716  0.7570869   0.86051065  0.94287366  0.9912121
  0.2506147   0.32013693  0.41916838  0.55182296  0.68693995  0.81687874
  0.923967    0.987877    0.09349917  0.17333461  0.29984865  0.45114625
  0.6243347   0.77778655  0.9060906   0.98647267 -0.0300019   0.05787128
  0.20143707  0.38059923  0.57035065  0.7518046   0.89368105  0.9823657
 -0.1039008  -0.02089905  0.13871375  0.32930103  0.5396697   0.73320156
  0.8849942   0.9780554  -0.15511616 -0.0670155   0.10301021  0.30090016
  0.51454157  0.71958095  0.8789115   0.97486913];[-0.95176154 -0.9540278  -0.9542967  -0.9558677  -0.9563622  -0.95733577
 -0.95865065 -0.9573562  -0.7956681  -0.7975371  -0.7956415  -0.7979222
 -0.79900056 -0.7977471  -0.7987629  -0.79741627 -0.52242255 -0.5244974
 -0.5237576  -0.52444506 -0.523169   -0.5227051  -0.52447414 -0.52312857
 -0.17783363 -0.17972113 -0.18067229 -0.18040478 -0.1780472  -0.17895803
 -0.18107231 -0.18083093  0.18500614  0.18332845  0.1823237   0.18392734
  0.183655    0.18598798  0.1849225   0.18281183  0.5270702   0.5246399
  0.523722    0.52293557  0.5242765   0.5245847   0.52605176  0.52620953
  0.7944599   0.7946414   0.7921166   0.79419935  0.7952912   0.79346186
  0.7954561   0.79472655  0.96210414  0.96244365  0.9618255   0.96254843
  0.96142226  0.9598129   0.95911324  0.95889944];[0.13153952 0.13153952 0.11377631 0.11377631 0.08065399 0.08065399
 0.03671395 0.03671395 0.13153952 0.13153952 0.11377631 0.11377631
 0.08065399 0.08065399 0.03671395 0.03671395 0.11377631 0.11377631
 0.09841186 0.09841186 0.06976241 0.06976241 0.03175606 0.03175606
 0.11377631 0.11377631 0.09841186 0.09841186 0.06976241 0.06976241
 0.03175606 0.03175606 0.08065399 0.08065399 0.06976241 0.06976241
 0.04945332 0.04945332 0.02251131 0.02251131 0.08065399 0.08065399
 0.06976241 0.06976241 0.04945332 0.04945332 0.02251131 0.02251131
 0.03671395 0.03671395 0.03175606 0.03175606 0.02251131 0.02251131
 0.01024722 0.01024722 0.03671395 0.03671395 0.03175606 0.03175606
 0.02251131 0.02251131 0.01024722 0.01024722]
3;9c469d7854cdb09290680f17cdd18fee;[-0.976911   -0.9723323  -0.9639818  -0.9594534  -0.9582663  -0.9590256
 -0.96371526 -0.9660125  -0.8823529  -0.8817802  -0.87656987 -0.87096936
 -0.87144357 -0.87482107 -0.8733107  -0.87755954 -0.7221924  -0.7215459
 -0.7246609  -0.72410554 -0.72118026 -0.7249872  -0.7234713  -0.7245068
 -0.519568   -0.5254279  -0.5213721  -0.5273168  -0.5259247  -0.5251226
 -0.5294925  -0.5229185  -0.30342573 -0.29988542 -0.3090779  -0.3087202
 -0.30944765 -0.3094517  -0.30854964 -0.31447938 -0.09752854 -0.09928183
 -0.10397437 -0.1052885  -0.10970008 -0.1079351  -0.10845633 -0.11112171
  0.06227407  0.05625261  0.05945744  0.05730853  0.05605617  0.05774002
  0.04838499  0.05405413  0.15578084  0.1504331   0.16579787  0.16076256
  0.16567081  0.16076472  0.15363297  0.16161598];[-0.9799586  -0.8960655  -0.7515264  -0.57457954 -0.3818447  -0.20426595
 -0.06538285  0.02049749 -0.978842   -0.8997034  -0.7688251  -0.59994227
 -0.42101902 -0.24302906 -0.11889169 -0.04261154 -0.9799955  -0.9088929
 -0.79823476 -0.6480825  -0.48776272 -0.34043694 -0.21851501 -0.14510009
 -0.98004323 -0.9235093  -0.8318665  -0.7160113  -0.5846753  -0.45842907
 -0.3688575  -0.30594346 -0.9827033  -0.9456397  -0.87824595 -0.79013944
 -0.6974668  -0.6118829  -0.54412764 -0.4994218  -0.98498803 -0.96420133
 -0.92427284 -0.86609423 -0.8115424  -0.76109594 -0.71627855 -0.69152725
 -0.9889999  -0.97906154 -0.96073467 -0.9364777  -0.9171968  -0.887051
 -0.87121856 -0.8636305  -0.993689   -0.9872825  -0.97990376 -0.97499734
 -0.97018206 -0.96655506 -0.96446437 -0.9608163 ];[0.13153952 0.13153952 0.11377631 0.11377631 0.08065399 0.08065399
 0.03671395 0.03671395 0.13153952 0.13153952 0.11377631 0.11377631
 0.08065399 0.08065399 0.03671395 0.03671395 0.11377631 0.11377631
 0.09841186 0.09841186 0.06976241 0.06976241 0.03175606 0.03175606
 0.11377631 0.11377631 0.09841186 0.09841186 0.06976241 0.06976241
 0.03175606 0.03175606 0.08065399 0.08065399 0.06976241 0.06976241
 0.04945332 0.04945332 0.02251131 0.02251131 0.08065399 0.08065399
 0.06976241 0.06976241 0.04945332 0.04945332 0.02251131 0.02251131
 0.03671395 0.03671395 0.03175606 0.03175606 0.02251131 0.02251131
 0.01024722 0.01024722 0.03671395 0.03671395 0.03175606 0.03175606
 0.02251131 0.02251131 0.01024722 0.01024722]
4;c462ab1cc4dd0821f5a42dd03d2c9dc0;[-0.8357029  -0.8254021  -0.8336752  -0.83981127 -0.8412585  -0.83461595
 -0.8377746  -0.83621395 -0.6578693  -0.6671279  -0.6649919  -0.6675939
 -0.6672594  -0.6727436  -0.67901146 -0.6827076  -0.4135982  -0.41922015
 -0.42171976 -0.41614854 -0.42317474 -0.42773053 -0.42699757 -0.43971688
 -0.10837011 -0.10186812 -0.09097406 -0.1080607  -0.11612095 -0.11587539
 -0.12700304 -0.12050465  0.24137306  0.23862371  0.23797756  0.22980455
  0.230035    0.22193791  0.21530546  0.20850955  0.55487716  0.5554556
  0.54896194  0.5443051   0.54401827  0.54205596  0.5371943   0.5387722
  0.8097668   0.8017943   0.8034259   0.8002827   0.8030688   0.79761356
  0.79850996  0.7976919   0.9606245   0.9581574   0.9558585   0.955178
  0.9595709   0.96039176  0.96284944  0.9625863 ];[ 9.3187881e-01  9.3403089e-01  9.3906116e-01  9.4986981e-01
  9.6337193e-01  9.7499317e-01  9.8737830e-01  9.9436873e-01
  8.6517131e-01  8.7800837e-01  8.8828444e-01  9.0923303e-01
  9.3485224e-01  9.5763314e-01  9.7867787e-01  9.9176139e-01
  7.6901352e-01  7.8584319e-01  8.1666648e-01  8.5585886e-01
  8.9408928e-01  9.3434823e-01  9.6866566e-01  9.9088657e-01
  6.3166881e-01  6.6219336e-01  7.1664035e-01  7.7504468e-01
  8.4138197e-01  9.0729296e-01  9.5419806e-01  9.8821294e-01
  4.6353602e-01  5.1265115e-01  5.8851308e-01  6.8497521e-01
  7.7541089e-01  8.7031585e-01  9.4136250e-01  9.8717260e-01
  2.7267629e-01  3.2962167e-01  4.3381467e-01  5.6404918e-01
  6.9824415e-01  8.2474667e-01  9.2521983e-01  9.8496580e-01
  6.5175623e-02  1.3613819e-01  2.6752841e-01  4.3929511e-01
  6.2032920e-01  7.7891326e-01  9.0373999e-01  9.7960734e-01
 -9.7884454e-02 -8.7516732e-04  1.5280341e-01  3.5777366e-01
  5.5515575e-01  7.4178070e-01  8.8587564e-01  9.7759068e-01];[0.13153952 0.13153952 0.11377631 0.11377631 0.08065399 0.08065399
 0.03671395 0.03671395 0.13153952 0.13153952 0.11377631 0.11377631
 0.08065399 0.08065399 0.03671395 0.03671395 0.11377631 0.11377631
 0.09841186 0.09841186 0.06976241 0.06976241 0.03175606 0.03175606
 0.11377631 0.11377631 0.09841186 0.09841186 0.06976241 0.06976241
 0.03175606 0.03175606 0.08065399 0.08065399 0.06976241 0.06976241
 0.04945332 0.04945332 0.02251131 0.02251131 0.08065399 0.08065399
 0.06976241 0.06976241 0.04945332 0.04945332 0.02251131 0.02251131
 0.03671395 0.03671395 0.03175606 0.03175606 0.02251131 0.02251131
 0.01024722 0.01024722 0.03671395 0.03671395 0.03175606 0.03175606
 0.02251131 0.02251131 0.01024722 0.01024722]
5;86791adeb24851ae9bd3f4419416f295;[-0.96581274 -0.96705395 -0.9657363  -0.96926045 -0.9681518  -0.96305823
 -0.9677881  -0.9678326  -0.8048366  -0.8152526  -0.8051009  -0.8144745
 -0.813062   -0.8068867  -0.82260513 -0.8003612  -0.542344   -0.5170425
 -0.5304335  -0.5257253  -0.517096   -0.5295057  -0.5383953  -0.5368711
 -0.18996413 -0.19639525 -0.1680995  -0.18507351 -0.17886682 -0.18537459
 -0.16563702 -0.18610108  0.19106808  0.19222209  0.19063234  0.20595436
  0.21416031  0.20286222  0.18245009  0.1834392   0.55445117  0.54682636
  0.5416723   0.5492151   0.5469676   0.5373927   0.5395316   0.54353064
  0.8076598   0.8138352   0.80668604  0.81148636  0.82426417  0.81887066
  0.8127358   0.82484156  0.97198045  0.97538376  0.98142385  0.979737
  0.9782383   0.97566915  0.9724184   0.9722751 ];[-0.98585296 -0.8174199  -0.5632544  -0.22764972  0.12481396  0.44262925
  0.70149016  0.85654646 -0.9712424  -0.8284719  -0.54769343 -0.22657664
  0.11435827  0.44284692  0.68351334  0.8340954  -0.9753194  -0.8205179
 -0.5763244  -0.26766405  0.07267189  0.38910693  0.6560413   0.7941227
 -0.97188044 -0.8499509  -0.59207857 -0.2817672   0.05327722  0.37062365
  0.5962324   0.73504746 -0.9791145  -0.8537622  -0.612115   -0.32060465
  0.02861698  0.32185984  0.56247693  0.6839722  -0.97369146 -0.853179
 -0.6255234  -0.3506219  -0.01475291  0.28891283  0.51322347  0.6444216
 -0.9832108  -0.8543199  -0.63490415 -0.343293   -0.01950914  0.258196
  0.50077826  0.61116874 -0.9858553  -0.85363185 -0.62353206 -0.351153
 -0.03373455  0.25616306  0.4766674   0.58364207];[0.13153952 0.13153952 0.11377631 0.11377631 0.08065399 0.08065399
 0.03671395 0.03671395 0.13153952 0.13153952 0.11377631 0.11377631
 0.08065399 0.08065399 0.03671395 0.03671395 0.11377631 0.11377631
 0.09841186 0.09841186 0.06976241 0.06976241 0.03175606 0.03175606
 0.11377631 0.11377631 0.09841186 0.09841186 0.06976241 0.06976241
 0.03175606 0.03175606 0.08065399 0.08065399 0.06976241 0.06976241
 0.04945332 0.04945332 0.02251131 0.02251131 0.08065399 0.08065399
 0.06976241 0.06976241 0.04945332 0.04945332 0.02251131 0.02251131
 0.03671395 0.03671395 0.03175606 0.03175606 0.02251131 0.02251131
 0.01024722 0.01024722 0.03671395 0.03671395 0.03175606 0.03175606
 0.02251131 0.02251131 0.01024722 0.01024722]
6;7ab7046e3fa23fd4161c3d644e6640d6;[-0.9501599  -0.952841   -0.9504755  -0.9511841  -0.9511379  -0.9492422
 -0.9475072  -0.9440304  -0.7991794  -0.801737   -0.8004165  -0.8007616
 -0.8041163  -0.80690515 -0.8061536  -0.7988871  -0.5341953  -0.5346027
 -0.52646416 -0.531271   -0.5319819  -0.52410394 -0.53815025 -0.5302832
 -0.18965743 -0.19419874 -0.19097075 -0.18489128 -0.18123978 -0.18599775
 -0.1835126  -0.1848512   0.17184149  0.18669342  0.18144614  0.18807942
  0.17682068  0.18925565  0.18787277  0.18276687  0.52282643  0.5172283
  0.5168113   0.5192767   0.527212    0.5286841   0.52184683  0.52606225
  0.7884644   0.7922506   0.79248375  0.7919419   0.7904426   0.7893638
  0.7907518   0.79405296  0.9577349   0.96330744  0.96344495  0.9628557
  0.96298873  0.95945454  0.9567731   0.957895  ];[0.9090987  0.9191883  0.9284953  0.94161    0.9638387  0.97761625
 0.9901213  0.99761546 0.8824893  0.89349365 0.90098435 0.919452
 0.9506624  0.9733798  0.9895943  0.9983326  0.83594847 0.85034555
 0.8677378  0.8969423  0.9276974  0.9605188  0.98444    0.9986568
 0.77781594 0.80060065 0.8291219  0.86094934 0.89969957 0.942506
 0.97663945 0.9977809  0.70403486 0.74386036 0.782265   0.830683
 0.8784091  0.9286989  0.97080994 0.99690956 0.66833884 0.69682485
 0.74041873 0.79666555 0.8616462  0.9177286  0.9632835  0.99571043
 0.63555086 0.6725182  0.71098316 0.77967286 0.8506778  0.90780157
 0.96034026 0.99407977 0.6072183  0.63898355 0.69475067 0.7617405
 0.83929414 0.90660733 0.95867664 0.99228746];[0.13153952 0.13153952 0.11377631 0.11377631 0.08065399 0.08065399
 0.03671395 0.03671395 0.13153952 0.13153952 0.11377631 0.11377631
 0.08065399 0.08065399 0.03671395 0.03671395 0.11377631 0.11377631
 0.09841186 0.09841186 0.06976241 0.06976241 0.03175606 0.03175606
 0.11377631 0.11377631 0.09841186 0.09841186 0.06976241 0.06976241
 0.03175606 0.03175606 0.08065399 0.08065399 0.06976241 0.06976241
 0.04945332 0.04945332 0.02251131 0.02251131 0.08065399 0.08065399
 0.06976241 0.06976241 0.04945332 0.04945332 0.02251131 0.02251131
 0.03671395 0.03671395 0.03175606 0.03175606 0.02251131 0.02251131
 0.01024722 0.01024722 0.03671395 0.03671395 0.03175606 0.03175606
 0.02251131 0.02251131 0.01024722 0.01024722]
7;5e9ca2a2b1419a14102e743419fc21cc;[-0.9629334  -0.8222061  -0.5881861  -0.280494    0.04057389  0.33716685
  0.57114214  0.7390697  -0.9691145  -0.8333086  -0.61724967 -0.3398347
 -0.04428337  0.22746694  0.44163132  0.5892881  -0.97442454 -0.858319
 -0.6723501  -0.4367017  -0.18357873  0.06172543  0.24549969  0.34967127
 -0.97886986 -0.8874524  -0.7383368  -0.5432962  -0.33743864 -0.15373996
  0.00706172  0.09657446 -0.98160094 -0.9144046  -0.7979012  -0.6515918
 -0.49219322 -0.34228063 -0.228869   -0.16135968 -0.9852411  -0.9384347
 -0.85382515 -0.7396129  -0.6297806  -0.52267057 -0.441807   -0.39528432
 -0.9876616  -0.9550652  -0.90005153 -0.8235123  -0.748499   -0.67237264
 -0.6111013  -0.57730216 -0.99022806 -0.96611875 -0.9249989  -0.877484
 -0.8254563  -0.77769375 -0.7339258  -0.7065004 ];[-0.95815015 -0.95921326 -0.961863   -0.96272385 -0.9634784  -0.9611434
 -0.96061677 -0.9589524  -0.79070735 -0.7936929  -0.7931905  -0.7961105
 -0.79505205 -0.7967827  -0.8014448  -0.80238265 -0.52165216 -0.525275
 -0.52357495 -0.5230755  -0.52568376 -0.5270688  -0.52595115 -0.5279892
 -0.17791139 -0.18099451 -0.17848356 -0.18130602 -0.1846805  -0.18252823
 -0.1862416  -0.18775156  0.18774928  0.18384746  0.18507655  0.18056586
  0.18059509  0.18257885  0.18252194  0.18574235  0.5247008   0.525782
  0.5257902   0.52378136  0.5254542   0.5224666   0.52465206  0.5296329
  0.7968717   0.7975273   0.800209    0.7956389   0.7992831   0.7982101
  0.7973925   0.7959049   0.95612913  0.9558929   0.95559937  0.9572181
  0.95725477  0.9575252   0.9568433   0.9562354 ];[0.13153952 0.13153952 0.11377631 0.11377631 0.08065399 0.08065399
 0.03671395 0.03671395 0.13153952 0.13153952 0.11377631 0.11377631
 0.08065399 0.08065399 0.03671395 0.03671395 0.11377631 0.11377631
 0.09841186 0.09841186 0.06976241 0.06976241 0.03175606 0.03175606
 0.11377631 0.11377631 0.09841186 0.09841186 0.06976241 0.06976241
 0.03175606 0.03175606 0.08065399 0.08065399 0.06976241 0.06976241
 0.04945332 0.04945332 0.02251131 0.02251131 0.08065399 0.08065399
 0.06976241 0.06976241 0.04945332 0.04945332 0.02251131 0.02251131
 0.03671395 0.03671395 0.03175606 0.03175606 0.02251131 0.02251131
 0.01024722 0.01024722 0.03671395 0.03671395 0.03175606 0.03175606
 0.02251131 0.02251131 0.01024722 0.01024722]
8;b162bd935fa02286f7fe201ceaa327c6;[ 0.7934931   0.81329054  0.83678645  0.86990744  0.9052289   0.94226784
  0.9725246   0.9922297   0.64067554  0.67394406  0.72076607  0.7887918
  0.85161465  0.9156658   0.9612635   0.98960775  0.42771244  0.47456363
  0.5545091   0.65769386  0.75974226  0.86079746  0.9418987   0.9867073
  0.1557074   0.23026942  0.34901637  0.49787042  0.65151244  0.8008499
  0.91564184  0.9824438  -0.11446547 -0.01599523  0.13594215  0.33037078
  0.53695536  0.7394212   0.8875311   0.9781147  -0.3631027  -0.24773805
 -0.05419055  0.18212734  0.43791804  0.67431957  0.86228955  0.9741023
 -0.5444656  -0.42694306 -0.20307408  0.06644785  0.35319686  0.6265719
  0.84299225  0.96971405 -0.65825963 -0.5263656  -0.2929708  -0.00172532
  0.30736247  0.6001587   0.828053    0.9666377 ];[-0.9484481  -0.95050675 -0.9521773  -0.95265925 -0.9538951  -0.9536278
 -0.9535409  -0.9527682  -0.79688907 -0.7968454  -0.80130595 -0.8011948
 -0.8024716  -0.7970083  -0.7984347  -0.7990125  -0.5277094  -0.52433413
 -0.5299274  -0.5302657  -0.5267641  -0.52840495 -0.5272423  -0.5258109
 -0.18177451 -0.18456411 -0.18439586 -0.18372637 -0.18471019 -0.18636456
 -0.1811268  -0.18177374  0.18462814  0.18304947  0.18467787  0.18123691
  0.18212536  0.18001465  0.18032117  0.18332705  0.5280624   0.5302931
  0.5301906   0.5268969   0.52598697  0.5193502   0.5226811   0.52739495
  0.7949895   0.7998447   0.79723895  0.7971283   0.800063    0.79518735
  0.7942957   0.7946852   0.959099    0.9607015   0.9641047   0.96444696
  0.96386737  0.96332675  0.96188277  0.95919067];[0.13153952 0.13153952 0.11377631 0.11377631 0.08065399 0.08065399
 0.03671395 0.03671395 0.13153952 0.13153952 0.11377631 0.11377631
 0.08065399 0.08065399 0.03671395 0.03671395 0.11377631 0.11377631
 0.09841186 0.09841186 0.06976241 0.06976241 0.03175606 0.03175606
 0.11377631 0.11377631 0.09841186 0.09841186 0.06976241 0.06976241
 0.03175606 0.03175606 0.08065399 0.08065399 0.06976241 0.06976241
 0.04945332 0.04945332 0.02251131 0.02251131 0.08065399 0.08065399
 0.06976241 0.06976241 0.04945332 0.04945332 0.02251131 0.02251131
 0.03671395 0.03671395 0.03175606 0.03175606 0.02251131 0.02251131
 0.01024722 0.01024722 0.03671395 0.03671395 0.03175606 0.03175606
 0.02251131 0.02251131 0.01024722 0.01024722]
9;e0beaea894bc6ef9bb57456b39a0fea5;[-0.9616313  -0.9216426  -0.8674688  -0.80591714 -0.7345155  -0.6842906
 -0.6336272  -0.561275   -0.87520987 -0.8387456  -0.7739029  -0.69948155
 -0.6153062  -0.5366505  -0.46693063 -0.379979   -0.75783366 -0.7066577
 -0.65322673 -0.56245166 -0.47882187 -0.3953832  -0.29887852 -0.2382564
 -0.63778895 -0.541909   -0.5094354  -0.42234257 -0.3372413  -0.25791198
 -0.1709655  -0.10758396 -0.49842817 -0.3847075  -0.34207004 -0.25933674
 -0.20447056 -0.15512466 -0.10308659 -0.06912968 -0.3075705  -0.24137439
 -0.19996539 -0.12192913 -0.0840193  -0.03495967 -0.01725429  0.01872199
 -0.13643345 -0.07201092 -0.07926456 -0.03177632  0.00574655  0.02981309
  0.02856348  0.04675012 -0.03586093 -0.02164884 -0.02544194  0.01672773
  0.01764538  0.02774593  0.0273269  -0.02110821];[-0.9626572  -0.9030077  -0.8045727  -0.6724246  -0.5177522  -0.3540298
 -0.21147493 -0.06039891 -0.92260826 -0.8517757  -0.7433817  -0.60432726
 -0.44960153 -0.3029519  -0.14483202 -0.04400128 -0.8782663  -0.7974634
 -0.67143404 -0.5400643  -0.40331072 -0.24550699 -0.1147696  -0.03359667
 -0.82100594 -0.7204385  -0.6078418  -0.49202135 -0.33267874 -0.23641598
 -0.12558202 -0.03524212 -0.76942545 -0.6725613  -0.56640077 -0.4302741
 -0.32798785 -0.22037756 -0.14861183 -0.07921502 -0.75937355 -0.6625068
 -0.52735007 -0.4606077  -0.3658538  -0.277333   -0.24475472 -0.17613104
 -0.7809176  -0.71289617 -0.6216878  -0.55353594 -0.48703516 -0.43224066
 -0.4057288  -0.36388716 -0.79984385 -0.7557373  -0.74715996 -0.7133234
 -0.7088248  -0.6833644  -0.692409   -0.67975503];[0.13153952 0.13153952 0.11377631 0.11377631 0.08065399 0.08065399
 0.03671395 0.03671395 0.13153952 0.13153952 0.11377631 0.11377631
 0.08065399 0.08065399 0.03671395 0.03671395 0.11377631 0.11377631
 0.09841186 0.09841186 0.06976241 0.06976241 0.03175606 0.03175606
 0.11377631 0.11377631 0.09841186 0.09841186 0.06976241 0.06976241
 0.03175606 0.03175606 0.08065399 0.08065399 0.06976241 0.06976241
 0.04945332 0.04945332 0.02251131 0.02251131 0.08065399 0.08065399
 0.06976241 0.06976241 0.04945332 0.04945332 0.02251131 0.02251131
 0.03671395 0.03671395 0.03175606 0.03175606 0.02251131 0.02251131
 0.01024722 0.01024722 0.03671395 0.03671395 0.03175606 0.03175606
 0.02251131 0.02251131 0.01024722 0.01024722]
10;b8c54ff4220583c23f543c02db5f54e2;[-0.9584786  -0.95920825 -0.9615165  -0.9626061  -0.9635189  -0.9639277
 -0.9626417  -0.96339214 -0.79790646 -0.79521877 -0.79387915 -0.7921204
 -0.79265374 -0.7894065  -0.79212993 -0.794244   -0.5235423  -0.5235379
 -0.5230476  -0.52560574 -0.5242131  -0.52621406 -0.52287894 -0.52394533
 -0.18419439 -0.18477724 -0.18391103 -0.18468243 -0.18109512 -0.18268053
 -0.18035762 -0.1822439   0.18184847  0.18204667  0.18289946  0.18533625
  0.18340835  0.18487944  0.18465939  0.18332732  0.52676296  0.5260257
  0.5241205   0.52820706  0.5248259   0.5294969   0.5262292   0.523855
  0.79609215  0.79748243  0.79607546  0.797362    0.79480946  0.7976963
  0.7979511   0.79792035  0.9502869   0.95106167  0.9529724   0.9534069
  0.953066    0.9519645   0.9539517   0.9550342 ];[-0.97812456 -0.8798402  -0.7266073  -0.52792656 -0.3124124  -0.11063295
  0.04614537  0.14213641 -0.9786787  -0.88415277 -0.7368437  -0.5418889
 -0.33598933 -0.14036418  0.01027619  0.09849789 -0.98019844 -0.89189404
 -0.7507503  -0.5717302  -0.37936524 -0.20727126 -0.06090873  0.02044339
 -0.9843014  -0.90401036 -0.7787923  -0.6232575  -0.4536424  -0.29419988
 -0.16839986 -0.09042872 -0.9870409  -0.92125475 -0.8098917  -0.67858374
 -0.5413976  -0.40530494 -0.29674447 -0.2357114  -0.9897464  -0.93753165
 -0.84944415 -0.7437762  -0.6290364  -0.5294384  -0.45097914 -0.3993928
 -0.99234    -0.95164907 -0.8904454  -0.813266   -0.723541   -0.6536027
 -0.58563673 -0.55735564 -0.99306726 -0.964193   -0.91645795 -0.8632691
 -0.7997293  -0.7474487  -0.69839656 -0.6765625 ];[0.13153952 0.13153952 0.11377631 0.11377631 0.08065399 0.08065399
 0.03671395 0.03671395 0.13153952 0.13153952 0.11377631 0.11377631
 0.08065399 0.08065399 0.03671395 0.03671395 0.11377631 0.11377631
 0.09841186 0.09841186 0.06976241 0.06976241 0.03175606 0.03175606
 0.11377631 0.11377631 0.09841186 0.09841186 0.06976241 0.06976241
 0.03175606 0.03175606 0.08065399 0.08065399 0.06976241 0.06976241
 0.04945332 0.04945332 0.02251131 0.02251131 0.08065399 0.08065399
 0.06976241 0.06976241 0.04945332 0.04945332 0.02251131 0.02251131
 0.03671395 0.03671395 0.03175606 0.03175606 0.02251131 0.02251131
 0.01024722 0.01024722 0.03671395 0.03671395 0.03175606 0.03175606
 0.02251131 0.02251131 0.01024722 0.01024722]
11;372a56cac67dbaa6ce4091cd1fdc1159;[-0.9605959  -0.96095246 -0.96134716 -0.96081203 -0.96203154 -0.9628147
 -0.96282345 -0.9631033  -0.7938183  -0.79560053 -0.7925331  -0.79481226
 -0.7931918  -0.7913905  -0.7953822  -0.7969488  -0.52358395 -0.52074337
 -0.5243304  -0.5194652  -0.5216533  -0.51699626 -0.5257297  -0.52336866
 -0.18228012 -0.18241134 -0.18133508 -0.18426953 -0.18226685 -0.18332767
 -0.18501714 -0.18520094  0.18129799  0.1815545   0.18242696  0.18221387
  0.1832797   0.18360738  0.18017843  0.18031475  0.5221412   0.5229106
  0.519367    0.520756    0.5238519   0.52659935  0.52381444  0.52385366
  0.79288006  0.7937707   0.79583514  0.7953142   0.79606164  0.7961228
  0.79724085  0.79674685  0.9594328   0.96019393  0.95680726  0.9589505
  0.95935005  0.9589956   0.9603668   0.9597487 ];[ 0.17736144  0.24523906  0.36225122  0.5025979   0.6504248   0.7996903
  0.91173184  0.98282015  0.1365294   0.20413204  0.32476246  0.4717033
  0.6378721   0.7862907   0.90723616  0.9818436   0.06345154  0.13319832
  0.26795688  0.43045962  0.60262454  0.771267    0.89982736  0.9764346
 -0.05785127  0.03368804  0.17908399  0.36033946  0.5587204   0.7406489
  0.88972455  0.97491187 -0.20226009 -0.09887971  0.06713438  0.275429
  0.4987102   0.7072317   0.87434876  0.9707881  -0.36348498 -0.25090638
 -0.06595422  0.17395179  0.4368062   0.67102116  0.8597672   0.9678874
 -0.520968   -0.39515314 -0.18289213  0.08640949  0.37007084  0.63156664
  0.84479344  0.9682942  -0.62690127 -0.49637762 -0.26536667  0.02139722
  0.32393745  0.60559696  0.832339    0.9660169 ];[0.13153952 0.13153952 0.11377631 0.11377631 0.08065399 0.08065399
 0.03671395 0.03671395 0.13153952 0.13153952 0.11377631 0.11377631
 0.08065399 0.08065399 0.03671395 0.03671395 0.11377631 0.11377631
 0.09841186 0.09841186 0.06976241 0.06976241 0.03175606 0.03175606
 0.11377631 0.11377631 0.09841186 0.09841186 0.06976241 0.06976241
 0.03175606 0.03175606 0.08065399 0.08065399 0.06976241 0.06976241
 0.04945332 0.04945332 0.02251131 0.02251131 0.08065399 0.08065399
 0.06976241 0.06976241 0.04945332 0.04945332 0.02251131 0.02251131
 0.03671395 0.03671395 0.03175606 0.03175606 0.02251131 0.02251131
 0.01024722 0.01024722 0.03671395 0.03671395 0.03175606 0.03175606
 0.02251131 0.02251131 0.01024722 0.01024722]
12;c2f7797bc14d819a0c24c6b87c4e0a1c;[-0.3493361  -0.34661144 -0.32874292 -0.34167245 -0.35153428 -0.35755464
 -0.35662842 -0.36810008 -0.2430572  -0.25011143 -0.2468807  -0.23593353
 -0.22702841 -0.24753752 -0.2379799  -0.24933015 -0.06172787 -0.05425956
 -0.06369329 -0.06428342 -0.05412478 -0.0539538  -0.06251055 -0.0606973
  0.16371636  0.16408852  0.17233945  0.1688226   0.17461026  0.17254812
  0.18007764  0.16847253  0.42659697  0.4275605   0.42575625  0.42942557
  0.42337456  0.43202183  0.43408453  0.43606314  0.66343355  0.6679048
  0.6637895   0.6672205   0.66400754  0.66356105  0.6707736   0.6683625
  0.85776776  0.85639524  0.85729027  0.8567148   0.8563094   0.8585723
  0.85669756  0.8622413   0.97630894  0.97629434  0.9756115   0.975455
  0.9747843   0.97536206  0.9758352   0.9755774 ];[0.9859003  0.9876962  0.9902545  0.9920169  0.99445456 0.9962651
 0.99787885 0.99881333 0.9192045  0.924995   0.9399642  0.9540169
 0.9723487  0.98525727 0.99499166 0.99892247 0.8113231  0.8296709
 0.85683113 0.8914446  0.9250984  0.960939   0.9877115  0.99894273
 0.6916499  0.7208195  0.7644426  0.8152416  0.87517446 0.932173
 0.9771394  0.9980813  0.58040863 0.6225955  0.68108946 0.75345266
 0.8264682  0.9023969  0.9637887  0.997019   0.48996925 0.53137416
 0.60533243 0.69036347 0.78920895 0.87982625 0.9527376  0.99586934
 0.42103544 0.4679948  0.5542956  0.6545043  0.76166874 0.8593758
 0.9436021  0.99375945 0.36676043 0.42086536 0.5086634  0.63076013
 0.7465234  0.8527495  0.9374556  0.9893731 ];[0.13153952 0.13153952 0.11377631 0.11377631 0.08065399 0.08065399
 0.03671395 0.03671395 0.13153952 0.13153952 0.11377631 0.11377631
 0.08065399 0.08065399 0.03671395 0.03671395 0.11377631 0.11377631
 0.09841186 0.09841186 0.06976241 0.06976241 0.03175606 0.03175606
 0.11377631 0.11377631 0.09841186 0.09841186 0.06976241 0.06976241
 0.03175606 0.03175606 0.08065399 0.08065399 0.06976241 0.06976241
 0.04945332 0.04945332 0.02251131 0.02251131 0.08065399 0.08065399
 0.06976241 0.06976241 0.04945332 0.04945332 0.02251131 0.02251131
 0.03671395 0.03671395 0.03175606 0.03175606 0.02251131 0.02251131
 0.01024722 0.01024722 0.03671395 0.03671395 0.03175606 0.03175606
 0.02251131 0.02251131 0.01024722 0.01024722]
13;e4666d7885f2f45be9f58617a3839c55;[-0.9781573  -0.87476933 -0.7046635  -0.49213707 -0.26918325 -0.06242425
  0.10039297  0.19196393 -0.9798255  -0.8825357  -0.71550256 -0.5029867
 -0.2928258  -0.09180967  0.06138408  0.1577267  -0.9805937  -0.8924151
 -0.73752797 -0.561837   -0.35665792 -0.16997206 -0.02641241  0.05833127
 -0.9836567  -0.90718776 -0.7727272  -0.6120435  -0.44733557 -0.2837653
 -0.14752589 -0.07720084 -0.9867255  -0.926144   -0.821519   -0.69290257
 -0.565772   -0.43783024 -0.33111116 -0.275553   -0.9881849  -0.9511166
 -0.8790905  -0.7999366  -0.71304226 -0.6273385  -0.5663755  -0.51215035
 -0.99249583 -0.97450465 -0.9424561  -0.9032903  -0.86339074 -0.8231597
 -0.7931097  -0.76912004 -0.99581426 -0.98544335 -0.97289205 -0.96027935
 -0.9453215  -0.93827856 -0.9303625  -0.927357  ];[-0.96278906 -0.9630908  -0.95974773 -0.9624512  -0.9612778  -0.95991653
 -0.96193427 -0.96298903 -0.81938916 -0.8158381  -0.815216   -0.8163112
 -0.8114523  -0.81244564 -0.80394953 -0.80381256 -0.567271   -0.5676265
 -0.5648623  -0.5635554  -0.5677826  -0.55989414 -0.5609209  -0.56310487
 -0.2558642  -0.25473467 -0.25844872 -0.26253033 -0.24759635 -0.25662
 -0.2482801  -0.2595318   0.07187074  0.0742946   0.07957362  0.07648968
  0.07944216  0.07441327  0.08409178  0.07402489  0.3843812   0.38896772
  0.38172325  0.39082924  0.38633698  0.37715834  0.37547317  0.36788756
  0.6280375   0.63463414  0.6337319   0.6264901   0.63338023  0.6207128
  0.6144669   0.61058617  0.8191336   0.81322205  0.8056104   0.8038103
  0.7979182   0.8042839   0.8062269   0.79874897];[0.13153952 0.13153952 0.11377631 0.11377631 0.08065399 0.08065399
 0.03671395 0.03671395 0.13153952 0.13153952 0.11377631 0.11377631
 0.08065399 0.08065399 0.03671395 0.03671395 0.11377631 0.11377631
 0.09841186 0.09841186 0.06976241 0.06976241 0.03175606 0.03175606
 0.11377631 0.11377631 0.09841186 0.09841186 0.06976241 0.06976241
 0.03175606 0.03175606 0.08065399 0.08065399 0.06976241 0.06976241
 0.04945332 0.04945332 0.02251131 0.02251131 0.08065399 0.08065399
 0.06976241 0.06976241 0.04945332 0.04945332 0.02251131 0.02251131
 0.03671395 0.03671395 0.03175606 0.03175606 0.02251131 0.02251131
 0.01024722 0.01024722 0.03671395 0.03671395 0.03175606 0.03175606
 0.02251131 0.02251131 0.01024722 0.01024722]
14;b82cb4a2b13b42c5d4a9a76d868c5d30;[-0.9900887  -0.93990636 -0.8562774  -0.74863523 -0.62656105 -0.5213012
 -0.44286597 -0.37952098 -0.9914824  -0.94212323 -0.8640887  -0.76380736
 -0.6482941  -0.54125994 -0.46861875 -0.40983894 -0.99167955 -0.9539131
 -0.8799219  -0.7877107  -0.6900585  -0.5967328  -0.516821   -0.48903954
 -0.99331874 -0.9617801  -0.90868616 -0.8345593  -0.747361   -0.67162406
 -0.6160706  -0.5775613  -0.99516886 -0.9752366  -0.93619734 -0.8832731
 -0.826525   -0.7631937  -0.72190356 -0.69266546 -0.99674684 -0.98578113
 -0.96377426 -0.93126297 -0.8972127  -0.8658256  -0.8320806  -0.8164738
 -0.9979057  -0.9935049  -0.9858309  -0.97551185 -0.9597016  -0.94487476
 -0.92938006 -0.92288107 -0.99888664 -0.99697745 -0.9945641  -0.99206597
 -0.9899139  -0.9869728  -0.9845971  -0.98300576];[-0.98260385 -0.9798625  -0.979699   -0.97960323 -0.9798106  -0.9813438
 -0.98380727 -0.9858356  -0.9067887  -0.90399027 -0.9067916  -0.9069462
 -0.9101225  -0.9141337  -0.9161198  -0.91970414 -0.776065   -0.7798546
 -0.7774282  -0.78284115 -0.7830151  -0.7895597  -0.79168284 -0.78549963
 -0.6154568  -0.6175739  -0.61749953 -0.61430675 -0.6208496  -0.6238617
 -0.62176716 -0.6254288  -0.44035497 -0.44193283 -0.4363453  -0.44076124
 -0.44309857 -0.44516292 -0.45483685 -0.45222256 -0.27539113 -0.27597973
 -0.27542704 -0.2746327  -0.27692497 -0.29370418 -0.29220915 -0.28502586
 -0.14649831 -0.14519733 -0.14310123 -0.14332908 -0.14845663 -0.14574794
 -0.15634735 -0.16247736 -0.06228506 -0.0509252  -0.05192056 -0.05418305
 -0.05064402 -0.05178375 -0.06535335 -0.07076112];[0.13153952 0.13153952 0.11377631 0.11377631 0.08065399 0.08065399
 0.03671395 0.03671395 0.13153952 0.13153952 0.11377631 0.11377631
 0.08065399 0.08065399 0.03671395 0.03671395 0.11377631 0.11377631
 0.09841186 0.09841186 0.06976241 0.06976241 0.03175606 0.03175606
 0.11377631 0.11377631 0.09841186 0.09841186 0.06976241 0.06976241
 0.03175606 0.03175606 0.08065399 0.08065399 0.06976241 0.06976241
 0.04945332 0.04945332 0.02251131 0.02251131 0.08065399 0.08065399
 0.06976241 0.06976241 0.04945332 0.04945332 0.02251131 0.02251131
 0.03671395 0.03671395 0.03175606 0.03175606 0.02251131 0.02251131
 0.01024722 0.01024722 0.03671395 0.03671395 0.03175606 0.03175606
 0.02251131 0.02251131 0.01024722 0.01024722]
15;c7a14376ff2627413a7afdb816ee5572;[-0.581298   -0.58104724 -0.5784368  -0.5758128  -0.58267367 -0.5828883
 -0.58137965 -0.5882819  -0.45447057 -0.44719023 -0.4520404  -0.4460688
 -0.44660616 -0.45459285 -0.45436904 -0.4526715  -0.23566996 -0.22542201
 -0.24056871 -0.23105039 -0.2339298  -0.24074973 -0.24177064 -0.23626828
  0.03960104  0.0341977   0.04221389  0.03504571  0.03985855  0.03649402
  0.03247477  0.02762477  0.3406382   0.343711    0.33897525  0.33629876
  0.33183023  0.33740693  0.33712664  0.3358739   0.61714435  0.6146451
  0.61308134  0.61660284  0.6165168   0.6119949   0.61348486  0.6165771
  0.8388017   0.83180165  0.8363658   0.8332659   0.8358967   0.8359727
  0.8357834   0.834435    0.97139454  0.9695011   0.96898025  0.9697468
  0.9682598   0.9695193   0.969807    0.9693299 ];[ 0.97276074  0.9760184   0.98069394  0.98369306  0.9882235   0.9925332
  0.99568444  0.9978577   0.8384839   0.85343635  0.87955445  0.9089711
  0.94019324  0.96942395  0.98924917  0.99765503  0.63631004  0.6635687
  0.7205981   0.78605115  0.85405564  0.92383635  0.9756111   0.9974761
  0.42576414  0.4718441   0.5559144   0.65676254  0.7678852   0.868892
  0.9561297   0.995822    0.23825178  0.3155019   0.41878098  0.5538228
  0.6920899   0.8233199   0.93553543  0.9937983   0.10776503  0.18350631
  0.31066626  0.4675365   0.63495934  0.7887467   0.91414607  0.9914701
  0.01736126  0.10659645  0.24506386  0.42312792  0.6042954   0.767304
  0.9011175   0.9881014  -0.03795673  0.0529375   0.20067051  0.38913763
  0.5800287   0.7563389   0.89558786  0.9807005 ];[0.13153952 0.13153952 0.11377631 0.11377631 0.08065399 0.08065399
 0.03671395 0.03671395 0.13153952 0.13153952 0.11377631 0.11377631
 0.08065399 0.08065399 0.03671395 0.03671395 0.11377631 0.11377631
 0.09841186 0.09841186 0.06976241 0.06976241 0.03175606 0.03175606
 0.11377631 0.11377631 0.09841186 0.09841186 0.06976241 0.06976241
 0.03175606 0.03175606 0.08065399 0.08065399 0.06976241 0.06976241
 0.04945332 0.04945332 0.02251131 0.02251131 0.08065399 0.08065399
 0.06976241 0.06976241 0.04945332 0.04945332 0.02251131 0.02251131
 0.03671395 0.03671395 0.03175606 0.03175606 0.02251131 0.02251131
 0.01024722 0.01024722 0.03671395 0.03671395 0.03175606 0.03175606
 0.02251131 0.02251131 0.01024722 0.01024722]
16;a17c9d2e4ea7cce7a03918940cb72d87;[-0.9948381  -0.9744445  -0.94396406 -0.90543145 -0.8609696  -0.8204278
 -0.78627217 -0.77106744 -0.99656576 -0.97856545 -0.94614935 -0.9114496
 -0.8694629  -0.8298555  -0.8036586  -0.78399104 -0.99745435 -0.9828928
 -0.956636   -0.9249861  -0.889445   -0.85727525 -0.8265586  -0.8066554
 -0.99766773 -0.9870989  -0.96636695 -0.9380556  -0.9105021  -0.88614964
 -0.86227465 -0.84426826 -0.9985223  -0.9917229  -0.97741705 -0.9548605
 -0.93492764 -0.9175928  -0.8960514  -0.88466513 -0.9991363  -0.9946675
 -0.98574424 -0.9735664  -0.95953375 -0.94828445 -0.93632716 -0.9316977
 -0.9993821  -0.99722236 -0.9937866  -0.9874967  -0.9836069  -0.9765717
 -0.9713243  -0.96882176 -0.9995153  -0.9981581  -0.9962692  -0.9947258
 -0.99278027 -0.9919342  -0.9895499  -0.98769   ];[-0.9836458  -0.9830672  -0.98374814 -0.9840048  -0.9843758  -0.98489887
 -0.9877575  -0.98708236 -0.9183604  -0.9187487  -0.92151254 -0.9226783
 -0.9211229  -0.91983587 -0.9152254  -0.9177957  -0.80669737 -0.8086517
 -0.81234044 -0.8094546  -0.8108542  -0.79832083 -0.8028213  -0.8020536
 -0.66632736 -0.6629066  -0.6629142  -0.6623797  -0.66445684 -0.6631564
 -0.6528732  -0.6548746  -0.5130743  -0.50925446 -0.5065554  -0.5092442
 -0.5123551  -0.50024396 -0.5007381  -0.5021227  -0.36868572 -0.3657954
 -0.3635388  -0.36559218 -0.37799385 -0.36572134 -0.36609498 -0.3676454
 -0.25161767 -0.24247038 -0.24726838 -0.24011618 -0.2518734  -0.2617205
 -0.25644916 -0.25140765 -0.1865329  -0.17512357 -0.16363442 -0.17962357
 -0.17701052 -0.1814316  -0.17281823 -0.16576973];[0.13153952 0.13153952 0.11377631 0.11377631 0.08065399 0.08065399
 0.03671395 0.03671395 0.13153952 0.13153952 0.11377631 0.11377631
 0.08065399 0.08065399 0.03671395 0.03671395 0.11377631 0.11377631
 0.09841186 0.09841186 0.06976241 0.06976241 0.03175606 0.03175606
 0.11377631 0.11377631 0.09841186 0.09841186 0.06976241 0.06976241
 0.03175606 0.03175606 0.08065399 0.08065399 0.06976241 0.06976241
 0.04945332 0.04945332 0.02251131 0.02251131 0.08065399 0.08065399
 0.06976241 0.06976241 0.04945332 0.04945332 0.02251131 0.02251131
 0.03671395 0.03671395 0.03175606 0.03175606 0.02251131 0.02251131
 0.01024722 0.01024722 0.03671395 0.03671395 0.03175606 0.03175606
 0.02251131 0.02251131 0.01024722 0.01024722]
17;d867dcf7063faaeb15b41bc2985ce00b;[-0.96208644 -0.960265   -0.9617935  -0.9622173  -0.9611465  -0.9634551
 -0.9626691  -0.9617268  -0.7962937  -0.7982868  -0.79582536 -0.79848695
 -0.79889584 -0.8013009  -0.798579   -0.7983329  -0.52844054 -0.53199273
 -0.52324814 -0.52563196 -0.52300596 -0.5256989  -0.5251736  -0.5265874
 -0.17963478 -0.18277757 -0.17870632 -0.187273   -0.18148114 -0.18203655
 -0.18280484 -0.1747868   0.18547054  0.18327829  0.18536304  0.18525593
  0.19083323  0.1912297   0.18531904  0.19159168  0.528557    0.52752227
  0.53356665  0.5287557   0.52737755  0.5276871   0.5311016   0.52796835
  0.7998503   0.80244106  0.8015837   0.8025723   0.8049015   0.80398506
  0.8032474   0.8012755   0.9628329   0.96539086  0.9628795   0.9645965
  0.96115816  0.96518254  0.9609929   0.9616196 ];[-0.98288685 -0.9122857  -0.7977989  -0.64790994 -0.49914318 -0.35842925
 -0.25092793 -0.17900209 -0.9812867  -0.91029537 -0.7914002  -0.65262604
 -0.49859247 -0.3567686  -0.24393262 -0.18102291 -0.98270804 -0.9130468
 -0.7982455  -0.6591241  -0.5089208  -0.37308398 -0.26181033 -0.19126014
 -0.9875682  -0.91527927 -0.8056385  -0.66107416 -0.5156682  -0.37623787
 -0.2675738  -0.20698313 -0.9887062  -0.92341965 -0.8128257  -0.67809916
 -0.53327173 -0.38630602 -0.28585616 -0.22983576 -0.9907663  -0.92843115
 -0.8209299  -0.68372935 -0.5419656  -0.4112031  -0.30810085 -0.23875476
 -0.9905869  -0.93229    -0.83025324 -0.6942218  -0.5567787  -0.42904747
 -0.31791335 -0.25524738 -0.9886714  -0.93265116 -0.8335446  -0.70991653
 -0.5705475  -0.43285742 -0.33968854 -0.28057438];[0.13153952 0.13153952 0.11377631 0.11377631 0.08065399 0.08065399
 0.03671395 0.03671395 0.13153952 0.13153952 0.11377631 0.11377631
 0.08065399 0.08065399 0.03671395 0.03671395 0.11377631 0.11377631
 0.09841186 0.09841186 0.06976241 0.06976241 0.03175606 0.03175606
 0.11377631 0.11377631 0.09841186 0.09841186 0.06976241 0.06976241
 0.03175606 0.03175606 0.08065399 0.08065399 0.06976241 0.06976241
 0.04945332 0.04945332 0.02251131 0.02251131 0.08065399 0.08065399
 0.06976241 0.06976241 0.04945332 0.04945332 0.02251131 0.02251131
 0.03671395 0.03671395 0.03175606 0.03175606 0.02251131 0.02251131
 0.01024722 0.01024722 0.03671395 0.03671395 0.03175606 0.03175606
 0.02251131 0.02251131 0.01024722 0.01024722]
18;0a96c8d6dc0ed2d3d4032f3df7e72eef;[-0.96438175 -0.96449625 -0.96518666 -0.96309614 -0.963211   -0.9636573
 -0.963403   -0.96325386 -0.79490054 -0.7984673  -0.7993002  -0.79883504
 -0.797782   -0.79325217 -0.79598576 -0.7950259  -0.52733845 -0.5290746
 -0.5220046  -0.52147865 -0.5273023  -0.529733   -0.5265509  -0.52770185
 -0.18171462 -0.1839868  -0.18279052 -0.18468723 -0.1837293  -0.1845717
 -0.18279424 -0.18124963  0.19249456  0.19239661  0.19210611  0.18286265
  0.18914859  0.18707363  0.18630871  0.19113272  0.5276449   0.5282091
  0.5360766   0.532345    0.5272266   0.53043693  0.5294861   0.53533125
  0.800814    0.80048156  0.79899234  0.79831815  0.79580396  0.800416
  0.79945177  0.8046463   0.9617508   0.96322054  0.96356696  0.96353203
